# Time Cd Cl Pressure_Diff, div norm
0.00000000e+00 -0.00000000e+00 -0.00000000e+00 0.00000000e+00 0.00000000e+00
1.00000000e-04 2.03342746e-01 -3.21557415e-04 0.00000000e+00 1.79912837e-04
2.00000000e-04 2.04837894e-01 -3.21977368e-04 0.00000000e+00 3.22143823e-04
3.00000000e-04 2.05975911e-01 -3.20145111e-04 0.00000000e+00 4.45621552e-04
4.00000000e-04 2.06878023e-01 -3.20227825e-04 0.00000000e+00 5.54579909e-04
5.00000000e-04 2.07706141e-01 -3.19585361e-04 0.00000000e+00 6.52363695e-04
6.00000000e-04 2.08429778e-01 -3.19352479e-04 0.00000000e+00 7.41523638e-04
7.00000000e-04 2.09113332e-01 -3.19123082e-04 0.00000000e+00 8.23452682e-04
8.00000000e-04 2.09737730e-01 -3.18833730e-04 0.00000000e+00 8.99517723e-04
9.00000000e-04 2.10334181e-01 -3.18737030e-04 0.00000000e+00 9.70504659e-04
1.00000000e-03 2.10892393e-01 -3.18476680e-04 0.00000000e+00 1.03720890e-03
1.10000000e-03 2.11429157e-01 -3.18420355e-04 0.00000000e+00 1.10013524e-03
1.20000000e-03 2.11938998e-01 -3.18204279e-04 0.00000000e+00 1.15978153e-03
1.30000000e-03 2.12431580e-01 -3.18159396e-04 0.00000000e+00 1.21649371e-03
1.40000000e-03 2.12904025e-01 -3.17982773e-04 0.00000000e+00 1.27060270e-03
1.50000000e-03 2.13362184e-01 -3.17940739e-04 0.00000000e+00 1.32235560e-03
1.60000000e-03 2.13804587e-01 -3.17795233e-04 0.00000000e+00 1.37198346e-03
1.70000000e-03 2.14234927e-01 -3.17753752e-04 0.00000000e+00 1.41966835e-03
1.80000000e-03 2.14652510e-01 -3.17631984e-04 0.00000000e+00 1.46557818e-03
1.90000000e-03 2.15059752e-01 -3.17590608e-04 0.00000000e+00 1.50985060e-03
2.00000000e-03 2.15456382e-01 -3.17486903e-04 0.00000000e+00 1.55261161e-03
2.10000000e-03 2.15844034e-01 -3.17445672e-04 0.00000000e+00 1.59396759e-03
2.20000000e-03 2.16222669e-01 -3.17355836e-04 0.00000000e+00 1.63401561e-03
2.30000000e-03 2.16593428e-01 -3.17314883e-04 0.00000000e+00 1.67283943e-03
2.40000000e-03 2.16956393e-01 -3.17235834e-04 0.00000000e+00 1.71051551e-03
2.50000000e-03 2.17312384e-01 -3.17195286e-04 0.00000000e+00 1.74711086e-03
2.60000000e-03 2.17661543e-01 -3.17124743e-04 0.00000000e+00 1.78268683e-03
2.70000000e-03 2.18004475e-01 -3.17084702e-04 0.00000000e+00 1.81729784e-03
2.80000000e-03 2.18341350e-01 -3.17020956e-04 0.00000000e+00 1.85099389e-03
2.90000000e-03 2.18672626e-01 -3.16981497e-04 0.00000000e+00 1.88381977e-03
3.00000000e-03 2.18998478e-01 -3.16923249e-04 0.00000000e+00 1.91581680e-03
3.10000000e-03 2.19319263e-01 -3.16884424e-04 0.00000000e+00 1.94702233e-03
